# corgi.mesh.txt — blocky corgi (CW)
ibase 0
winding cw
v 0.600000 0.050000 -0.225000 0.000000 0.000000
v 0.600000 0.450000 -0.225000 0.000000 1.000000
v 0.600000 0.450000 0.225000 1.000000 1.000000
v 0.600000 0.050000 0.225000 1.000000 0.000000
v -0.600000 0.050000 0.225000 0.000000 0.000000
v -0.600000 0.450000 0.225000 0.000000 1.000000
v -0.600000 0.450000 -0.225000 1.000000 1.000000
v -0.600000 0.050000 -0.225000 1.000000 0.000000
v -0.600000 0.450000 -0.225000 0.000000 0.000000
v -0.600000 0.450000 0.225000 0.000000 1.000000
v 0.600000 0.450000 0.225000 1.000000 1.000000
v 0.600000 0.450000 -0.225000 1.000000 0.000000
v -0.600000 0.050000 0.225000 0.000000 0.000000
v -0.600000 0.050000 -0.225000 0.000000 1.000000
v 0.600000 0.050000 -0.225000 1.000000 1.000000
v 0.600000 0.050000 0.225000 1.000000 0.000000
v -0.600000 0.050000 0.225000 0.000000 0.000000
v -0.600000 0.450000 0.225000 0.000000 1.000000
v 0.600000 0.450000 0.225000 1.000000 1.000000
v 0.600000 0.050000 0.225000 1.000000 0.000000
v 0.600000 0.050000 -0.225000 0.000000 0.000000
v 0.600000 0.450000 -0.225000 0.000000 1.000000
v -0.600000 0.450000 -0.225000 1.000000 1.000000
v -0.600000 0.050000 -0.225000 1.000000 0.000000
v 0.550000 0.050000 -0.250000 0.000000 0.000000
v 0.550000 0.490000 -0.250000 0.000000 1.000000
v 0.550000 0.490000 0.250000 1.000000 1.000000
v 0.550000 0.050000 0.250000 1.000000 0.000000
v 0.250000 0.050000 0.250000 0.000000 0.000000
v 0.250000 0.490000 0.250000 0.000000 1.000000
v 0.250000 0.490000 -0.250000 1.000000 1.000000
v 0.250000 0.050000 -0.250000 1.000000 0.000000
v 0.250000 0.490000 -0.250000 0.000000 0.000000
v 0.250000 0.490000 0.250000 0.000000 1.000000
v 0.550000 0.490000 0.250000 1.000000 1.000000
v 0.550000 0.490000 -0.250000 1.000000 0.000000
v 0.250000 0.050000 0.250000 0.000000 0.000000
v 0.250000 0.050000 -0.250000 0.000000 1.000000
v 0.550000 0.050000 -0.250000 1.000000 1.000000
v 0.550000 0.050000 0.250000 1.000000 0.000000
v 0.250000 0.050000 0.250000 0.000000 0.000000
v 0.250000 0.490000 0.250000 0.000000 1.000000
v 0.550000 0.490000 0.250000 1.000000 1.000000
v 0.550000 0.050000 0.250000 1.000000 0.000000
v 0.550000 0.050000 -0.250000 0.000000 0.000000
v 0.550000 0.490000 -0.250000 0.000000 1.000000
v 0.250000 0.490000 -0.250000 1.000000 1.000000
v 0.250000 0.050000 -0.250000 1.000000 0.000000
v 0.975000 0.170000 -0.170000 0.000000 0.000000
v 0.975000 0.490000 -0.170000 0.000000 1.000000
v 0.975000 0.490000 0.170000 1.000000 1.000000
v 0.975000 0.170000 0.170000 1.000000 0.000000
v 0.625000 0.170000 0.170000 0.000000 0.000000
v 0.625000 0.490000 0.170000 0.000000 1.000000
v 0.625000 0.490000 -0.170000 1.000000 1.000000
v 0.625000 0.170000 -0.170000 1.000000 0.000000
v 0.625000 0.490000 -0.170000 0.000000 0.000000
v 0.625000 0.490000 0.170000 0.000000 1.000000
v 0.975000 0.490000 0.170000 1.000000 1.000000
v 0.975000 0.490000 -0.170000 1.000000 0.000000
v 0.625000 0.170000 0.170000 0.000000 0.000000
v 0.625000 0.170000 -0.170000 0.000000 1.000000
v 0.975000 0.170000 -0.170000 1.000000 1.000000
v 0.975000 0.170000 0.170000 1.000000 0.000000
v 0.625000 0.170000 0.170000 0.000000 0.000000
v 0.625000 0.490000 0.170000 0.000000 1.000000
v 0.975000 0.490000 0.170000 1.000000 1.000000
v 0.975000 0.170000 0.170000 1.000000 0.000000
v 0.975000 0.170000 -0.170000 0.000000 0.000000
v 0.975000 0.490000 -0.170000 0.000000 1.000000
v 0.625000 0.490000 -0.170000 1.000000 1.000000
v 0.625000 0.170000 -0.170000 1.000000 0.000000
v 1.110000 0.170000 -0.130000 0.000000 0.000000
v 1.110000 0.390000 -0.130000 0.000000 1.000000
v 1.110000 0.390000 0.130000 1.000000 1.000000
v 1.110000 0.170000 0.130000 1.000000 0.000000
v 0.890000 0.170000 0.130000 0.000000 0.000000
v 0.890000 0.390000 0.130000 0.000000 1.000000
v 0.890000 0.390000 -0.130000 1.000000 1.000000
v 0.890000 0.170000 -0.130000 1.000000 0.000000
v 0.890000 0.390000 -0.130000 0.000000 0.000000
v 0.890000 0.390000 0.130000 0.000000 1.000000
v 1.110000 0.390000 0.130000 1.000000 1.000000
v 1.110000 0.390000 -0.130000 1.000000 0.000000
v 0.890000 0.170000 0.130000 0.000000 0.000000
v 0.890000 0.170000 -0.130000 0.000000 1.000000
v 1.110000 0.170000 -0.130000 1.000000 1.000000
v 1.110000 0.170000 0.130000 1.000000 0.000000
v 0.890000 0.170000 0.130000 0.000000 0.000000
v 0.890000 0.390000 0.130000 0.000000 1.000000
v 1.110000 0.390000 0.130000 1.000000 1.000000
v 1.110000 0.170000 0.130000 1.000000 0.000000
v 1.110000 0.170000 -0.130000 0.000000 0.000000
v 1.110000 0.390000 -0.130000 0.000000 1.000000
v 0.890000 0.390000 -0.130000 1.000000 1.000000
v 0.890000 0.170000 -0.130000 1.000000 0.000000
v 0.830000 0.460000 -0.150000 0.000000 0.000000
v 0.830000 0.600000 -0.150000 0.000000 1.000000
v 0.830000 0.600000 -0.050000 1.000000 1.000000
v 0.830000 0.460000 -0.050000 1.000000 0.000000
v 0.730000 0.460000 -0.050000 0.000000 0.000000
v 0.730000 0.600000 -0.050000 0.000000 1.000000
v 0.730000 0.600000 -0.150000 1.000000 1.000000
v 0.730000 0.460000 -0.150000 1.000000 0.000000
v 0.730000 0.600000 -0.150000 0.000000 0.000000
v 0.730000 0.600000 -0.050000 0.000000 1.000000
v 0.830000 0.600000 -0.050000 1.000000 1.000000
v 0.830000 0.600000 -0.150000 1.000000 0.000000
v 0.730000 0.460000 -0.050000 0.000000 0.000000
v 0.730000 0.460000 -0.150000 0.000000 1.000000
v 0.830000 0.460000 -0.150000 1.000000 1.000000
v 0.830000 0.460000 -0.050000 1.000000 0.000000
v 0.730000 0.460000 -0.050000 0.000000 0.000000
v 0.730000 0.600000 -0.050000 0.000000 1.000000
v 0.830000 0.600000 -0.050000 1.000000 1.000000
v 0.830000 0.460000 -0.050000 1.000000 0.000000
v 0.830000 0.460000 -0.150000 0.000000 0.000000
v 0.830000 0.600000 -0.150000 0.000000 1.000000
v 0.730000 0.600000 -0.150000 1.000000 1.000000
v 0.730000 0.460000 -0.150000 1.000000 0.000000
v 0.830000 0.460000 0.050000 0.000000 0.000000
v 0.830000 0.600000 0.050000 0.000000 1.000000
v 0.830000 0.600000 0.150000 1.000000 1.000000
v 0.830000 0.460000 0.150000 1.000000 0.000000
v 0.730000 0.460000 0.150000 0.000000 0.000000
v 0.730000 0.600000 0.150000 0.000000 1.000000
v 0.730000 0.600000 0.050000 1.000000 1.000000
v 0.730000 0.460000 0.050000 1.000000 0.000000
v 0.730000 0.600000 0.050000 0.000000 0.000000
v 0.730000 0.600000 0.150000 0.000000 1.000000
v 0.830000 0.600000 0.150000 1.000000 1.000000
v 0.830000 0.600000 0.050000 1.000000 0.000000
v 0.730000 0.460000 0.150000 0.000000 0.000000
v 0.730000 0.460000 0.050000 0.000000 1.000000
v 0.830000 0.460000 0.050000 1.000000 1.000000
v 0.830000 0.460000 0.150000 1.000000 0.000000
v 0.730000 0.460000 0.150000 0.000000 0.000000
v 0.730000 0.600000 0.150000 0.000000 1.000000
v 0.830000 0.600000 0.150000 1.000000 1.000000
v 0.830000 0.460000 0.150000 1.000000 0.000000
v 0.830000 0.460000 0.050000 0.000000 0.000000
v 0.830000 0.600000 0.050000 0.000000 1.000000
v 0.730000 0.600000 0.050000 1.000000 1.000000
v 0.730000 0.460000 0.050000 1.000000 0.000000
v -0.610000 0.320000 -0.090000 0.000000 0.000000
v -0.610000 0.440000 -0.090000 0.000000 1.000000
v -0.610000 0.440000 0.090000 1.000000 1.000000
v -0.610000 0.320000 0.090000 1.000000 0.000000
v -0.790000 0.320000 0.090000 0.000000 0.000000
v -0.790000 0.440000 0.090000 0.000000 1.000000
v -0.790000 0.440000 -0.090000 1.000000 1.000000
v -0.790000 0.320000 -0.090000 1.000000 0.000000
v -0.790000 0.440000 -0.090000 0.000000 0.000000
v -0.790000 0.440000 0.090000 0.000000 1.000000
v -0.610000 0.440000 0.090000 1.000000 1.000000
v -0.610000 0.440000 -0.090000 1.000000 0.000000
v -0.790000 0.320000 0.090000 0.000000 0.000000
v -0.790000 0.320000 -0.090000 0.000000 1.000000
v -0.610000 0.320000 -0.090000 1.000000 1.000000
v -0.610000 0.320000 0.090000 1.000000 0.000000
v -0.790000 0.320000 0.090000 0.000000 0.000000
v -0.790000 0.440000 0.090000 0.000000 1.000000
v -0.610000 0.440000 0.090000 1.000000 1.000000
v -0.610000 0.320000 0.090000 1.000000 0.000000
v -0.610000 0.320000 -0.090000 0.000000 0.000000
v -0.610000 0.440000 -0.090000 0.000000 1.000000
v -0.790000 0.440000 -0.090000 1.000000 1.000000
v -0.790000 0.320000 -0.090000 1.000000 0.000000
v 0.440000 0.000000 -0.200000 0.000000 0.000000
v 0.440000 0.200000 -0.200000 0.000000 1.000000
v 0.440000 0.200000 -0.100000 1.000000 1.000000
v 0.440000 0.000000 -0.100000 1.000000 0.000000
v 0.260000 0.000000 -0.100000 0.000000 0.000000
v 0.260000 0.200000 -0.100000 0.000000 1.000000
v 0.260000 0.200000 -0.200000 1.000000 1.000000
v 0.260000 0.000000 -0.200000 1.000000 0.000000
v 0.260000 0.200000 -0.200000 0.000000 0.000000
v 0.260000 0.200000 -0.100000 0.000000 1.000000
v 0.440000 0.200000 -0.100000 1.000000 1.000000
v 0.440000 0.200000 -0.200000 1.000000 0.000000
v 0.260000 0.000000 -0.100000 0.000000 0.000000
v 0.260000 0.000000 -0.200000 0.000000 1.000000
v 0.440000 0.000000 -0.200000 1.000000 1.000000
v 0.440000 0.000000 -0.100000 1.000000 0.000000
v 0.260000 0.000000 -0.100000 0.000000 0.000000
v 0.260000 0.200000 -0.100000 0.000000 1.000000
v 0.440000 0.200000 -0.100000 1.000000 1.000000
v 0.440000 0.000000 -0.100000 1.000000 0.000000
v 0.440000 0.000000 -0.200000 0.000000 0.000000
v 0.440000 0.200000 -0.200000 0.000000 1.000000
v 0.260000 0.200000 -0.200000 1.000000 1.000000
v 0.260000 0.000000 -0.200000 1.000000 0.000000
v 0.440000 0.000000 0.100000 0.000000 0.000000
v 0.440000 0.200000 0.100000 0.000000 1.000000
v 0.440000 0.200000 0.200000 1.000000 1.000000
v 0.440000 0.000000 0.200000 1.000000 0.000000
v 0.260000 0.000000 0.200000 0.000000 0.000000
v 0.260000 0.200000 0.200000 0.000000 1.000000
v 0.260000 0.200000 0.100000 1.000000 1.000000
v 0.260000 0.000000 0.100000 1.000000 0.000000
v 0.260000 0.200000 0.100000 0.000000 0.000000
v 0.260000 0.200000 0.200000 0.000000 1.000000
v 0.440000 0.200000 0.200000 1.000000 1.000000
v 0.440000 0.200000 0.100000 1.000000 0.000000
v 0.260000 0.000000 0.200000 0.000000 0.000000
v 0.260000 0.000000 0.100000 0.000000 1.000000
v 0.440000 0.000000 0.100000 1.000000 1.000000
v 0.440000 0.000000 0.200000 1.000000 0.000000
v 0.260000 0.000000 0.200000 0.000000 0.000000
v 0.260000 0.200000 0.200000 0.000000 1.000000
v 0.440000 0.200000 0.200000 1.000000 1.000000
v 0.440000 0.000000 0.200000 1.000000 0.000000
v 0.440000 0.000000 0.100000 0.000000 0.000000
v 0.440000 0.200000 0.100000 0.000000 1.000000
v 0.260000 0.200000 0.100000 1.000000 1.000000
v 0.260000 0.000000 0.100000 1.000000 0.000000
v -0.260000 0.000000 -0.200000 0.000000 0.000000
v -0.260000 0.200000 -0.200000 0.000000 1.000000
v -0.260000 0.200000 -0.100000 1.000000 1.000000
v -0.260000 0.000000 -0.100000 1.000000 0.000000
v -0.440000 0.000000 -0.100000 0.000000 0.000000
v -0.440000 0.200000 -0.100000 0.000000 1.000000
v -0.440000 0.200000 -0.200000 1.000000 1.000000
v -0.440000 0.000000 -0.200000 1.000000 0.000000
v -0.440000 0.200000 -0.200000 0.000000 0.000000
v -0.440000 0.200000 -0.100000 0.000000 1.000000
v -0.260000 0.200000 -0.100000 1.000000 1.000000
v -0.260000 0.200000 -0.200000 1.000000 0.000000
v -0.440000 0.000000 -0.100000 0.000000 0.000000
v -0.440000 0.000000 -0.200000 0.000000 1.000000
v -0.260000 0.000000 -0.200000 1.000000 1.000000
v -0.260000 0.000000 -0.100000 1.000000 0.000000
v -0.440000 0.000000 -0.100000 0.000000 0.000000
v -0.440000 0.200000 -0.100000 0.000000 1.000000
v -0.260000 0.200000 -0.100000 1.000000 1.000000
v -0.260000 0.000000 -0.100000 1.000000 0.000000
v -0.260000 0.000000 -0.200000 0.000000 0.000000
v -0.260000 0.200000 -0.200000 0.000000 1.000000
v -0.440000 0.200000 -0.200000 1.000000 1.000000
v -0.440000 0.000000 -0.200000 1.000000 0.000000
v -0.260000 0.000000 0.100000 0.000000 0.000000
v -0.260000 0.200000 0.100000 0.000000 1.000000
v -0.260000 0.200000 0.200000 1.000000 1.000000
v -0.260000 0.000000 0.200000 1.000000 0.000000
v -0.440000 0.000000 0.200000 0.000000 0.000000
v -0.440000 0.200000 0.200000 0.000000 1.000000
v -0.440000 0.200000 0.100000 1.000000 1.000000
v -0.440000 0.000000 0.100000 1.000000 0.000000
v -0.440000 0.200000 0.100000 0.000000 0.000000
v -0.440000 0.200000 0.200000 0.000000 1.000000
v -0.260000 0.200000 0.200000 1.000000 1.000000
v -0.260000 0.200000 0.100000 1.000000 0.000000
v -0.440000 0.000000 0.200000 0.000000 0.000000
v -0.440000 0.000000 0.100000 0.000000 1.000000
v -0.260000 0.000000 0.100000 1.000000 1.000000
v -0.260000 0.000000 0.200000 1.000000 0.000000
v -0.440000 0.000000 0.200000 0.000000 0.000000
v -0.440000 0.200000 0.200000 0.000000 1.000000
v -0.260000 0.200000 0.200000 1.000000 1.000000
v -0.260000 0.000000 0.200000 1.000000 0.000000
v -0.260000 0.000000 0.100000 0.000000 0.000000
v -0.260000 0.200000 0.100000 0.000000 1.000000
v -0.440000 0.200000 0.100000 1.000000 1.000000
v -0.440000 0.000000 0.100000 1.000000 0.000000
i 0 2 1
i 0 3 2
i 4 6 5
i 4 7 6
i 8 10 9
i 8 11 10
i 12 14 13
i 12 15 14
i 16 18 17
i 16 19 18
i 20 22 21
i 20 23 22
i 24 26 25
i 24 27 26
i 28 30 29
i 28 31 30
i 32 34 33
i 32 35 34
i 36 38 37
i 36 39 38
i 40 42 41
i 40 43 42
i 44 46 45
i 44 47 46
i 48 50 49
i 48 51 50
i 52 54 53
i 52 55 54
i 56 58 57
i 56 59 58
i 60 62 61
i 60 63 62
i 64 66 65
i 64 67 66
i 68 70 69
i 68 71 70
i 72 74 73
i 72 75 74
i 76 78 77
i 76 79 78
i 80 82 81
i 80 83 82
i 84 86 85
i 84 87 86
i 88 90 89
i 88 91 90
i 92 94 93
i 92 95 94
i 96 98 97
i 96 99 98
i 100 102 101
i 100 103 102
i 104 106 105
i 104 107 106
i 108 110 109
i 108 111 110
i 112 114 113
i 112 115 114
i 116 118 117
i 116 119 118
i 120 122 121
i 120 123 122
i 124 126 125
i 124 127 126
i 128 130 129
i 128 131 130
i 132 134 133
i 132 135 134
i 136 138 137
i 136 139 138
i 140 142 141
i 140 143 142
i 144 146 145
i 144 147 146
i 148 150 149
i 148 151 150
i 152 154 153
i 152 155 154
i 156 158 157
i 156 159 158
i 160 162 161
i 160 163 162
i 164 166 165
i 164 167 166
i 168 170 169
i 168 171 170
i 172 174 173
i 172 175 174
i 176 178 177
i 176 179 178
i 180 182 181
i 180 183 182
i 184 186 185
i 184 187 186
i 188 190 189
i 188 191 190
i 192 194 193
i 192 195 194
i 196 198 197
i 196 199 198
i 200 202 201
i 200 203 202
i 204 206 205
i 204 207 206
i 208 210 209
i 208 211 210
i 212 214 213
i 212 215 214
i 216 218 217
i 216 219 218
i 220 222 221
i 220 223 222
i 224 226 225
i 224 227 226
i 228 230 229
i 228 231 230
i 232 234 233
i 232 235 234
i 236 238 237
i 236 239 238
i 240 242 241
i 240 243 242
i 244 246 245
i 244 247 246
i 248 250 249
i 248 251 250
i 252 254 253
i 252 255 254
i 256 258 257
i 256 259 258
i 260 262 261
i 260 263 262
